53735
55306
57707
57713
57712
57718
57721
57730
57735
57738
55601
39798
40106
53197
52943
57768
30797
57044
57781
57782
39716
57787
55092
27440
57793
57794
57799
20704
57803
42090
57821
57828
57842
57845
57858
57860
57863
47860
57865
57872
57874
57878
50543
50339
57883
57900
41771
30347
50817
57909
57910
55164
57911
5503
57936
49610
57947
57954
57958
57960
57952
57961
57964
57968
57969
57970
57971
57975
57977
57981
57983
57988
57994
55126
57998
21110
58006
58008
57997
58010
58009
58022
58024
48652
58028
21
58034
53679
29659
35840
52808
58065
58075
43088
58081
58083
58084
53573
58088
45171
58095
26534
58102
58108
58117
53458
58116
58123
58128
58129
58130
58132
764
58148
51300
58156
58160
27649
58163
58164
31229
57198
58174
57161
57604
58177
58178
58179
58193
58197
58198
58202
58203
58210
58222
58223
58230
58233
58236
58237
58247
58243
58248
58250
967
58257
58260
58264
58273
58278
58281
58279
58195
58284
58298
58315
58316
58317
40374
58320
58321
12761
58341
58342
58344
47115
58349
3123
58351
58356
36190
31900
58380
58381
3019
58383
58388
58392
58397
57481
58410
58416
47248
46072
4770
58352
58435
58441
58413
57791
58452
38685
58454
58455
49108
58456
29448
58461
58462
11980
12520
58469
50808
58473
58481
58483
58484
58489
58491
38956
57117
58509
58527
58528
58535
58532
58538
57621
58541
58547
58548
58546
58551
19857
58569
58576
58579
55107
58586
58588
58594
58600
58602
58603
58605
58608
58613
58622
58623
58631
58647
26101
58664
10475
58666
46247
54082
51854
58686
58687
58695
58558
47243
58702
31057
58715
33870
13820
55180
58730
6221
40081
58740
58743
24072
58751
58752
58694
9786
23252
58764
58766
58775
23253
53635
58789
58791
58804
58813
58820
35495
57754
58824
52833
58833
55790
58844
30620
58858
58861
58865
58868
58873
58874
58881
58886
1872
58896
40647
58893
51767
58901
58923
58935
58941
58942
58948
55711
58961
58864
58965
43477
43490
46412
29389
58857
58983
19147
2867
54560
59005
13495
2706
9835
59051
59056
59068
53614
59076
52856
54758
51766
50990
50953
59084
59091
59093
59097
59100
52907
6131
59057
44635
35988
58770
58449
49448
54453
59127
55222
59141
46769
59144
59153
58609
58566
55193
59066
32593
44740
59173
9380
59182
22416
59190
59193
18597
54997
59200
59209
59216
59224
376
24214
29369
54356
54366
54437
54443
54473
54482
54484
54591
54607
11446
52165
59252
59274
59287
13154
59201
59290
59202
59206
59207
59208
59211
59219
59215
59245
59244
59243
59240
49501
50016
52897
52823
44692
59292
59295
55275
59314
59318
59320
59323
45310
4519
59328
30562
11779
31358
59334
59335
115
59354
59358
59361
59337
54244
54255
55835
59403
59408
17373
15399
59411
59413
59356
59418
26829
53010
59423
59431
59442
59447
59450
59454
59457
59459
59462
59458
59467
59468
59469
59471
59473
59474
59475
8094
59478
20020
20259
59487
59493
59497
44851
48278
59522
59535
59544
24746
59546
13173
46768
59551
56648
59554
59562
59567
59563
59589
59590
59588
59591
59597
39546
59603
59613
2129
753
59619
59426
59637
19988
59646
29826
59659
59660
37088
59693
59699
43664
59702
31501
26159
59729
59746
59754
59758
59764
59765
59771
59776
59777
59779
59785
59786
59795
59796
59797
59803
59807
59808
59810
59813
59814
1269
59822
59823
59831
59834
59847
59848
59856
20440
59861
59871
59876
59915
59917
6591
59927
59929
59931
59932
59943
4044
59945
59960
59246
59247
59248
59983
59989
10019
47821
59998
60000
45167
60017
60018
60023
60027
60032
60028
60033
60038
60042
60047
60055
60058
60068
60066
60069
60076
60059
60083
60084
60086
54567
60087
60102
60100
60126
60134
40519
60138
60139
60137
60146
60148
60133
60155
47197
60159
58153
60160
60161
55066
60164
60172
37846
60067
60180
60179
60182
60186
54867
60196
60202
60206
60210
60216
60230
60235
60236
1602
60255
60240
60272
60273
46963
60293
60298
60299
60300
60302
60313
38824
38132
60315
55068
56869
60322
60325
60328
60331
47950
60350
60354
60357
60370
60387
60388
60393
56016
60399
60406
60404
13359
60420
60419
60426
54224
54251
54270
60437
55045
55264
55271
55347
52193
60440
53749
60454
60455
60459
60478
60482
55555
60485
55560
55565
56095
60488
60492
38415
60502
60509
60507
60520
60530
4660
60534
8340
29574
60540
60542
60543
60544
42065
60549
60551
55140
60554
60562
60567
3713
60578
60580
60582
60599
60600
60602
59254
60606
60608
45026
60619
48659
60631
53476
51331
2936
60637
60641
60120
60642
32693
60643
60651
60661
60662
60663
60668
60670
60672
60673
60680
60676
47409
60694
60696
60698
60699
60703
60682
60705
60707
60719
60725
0
60732
60740
60749
60754
57484
60758
60761
60763
60764
60765
60771
60776
60780
60773
14611
60781
60786
60772
60793
60795
60808
60817
51700
60820
60822
60823
60824
6691
26746
10747
60832
60833
57846
60837
9885
60838
19939
60842
60843
60844
60846
59217
47688
60854
60858
60860
60861
60862
60863
60865
2076
47923
60866
32097
60883
60885
80
60891
60892
60895
60897
60899
60654
44048
1943
60906
11159
60914
60920
60936
60943
50856
55658
60950
55890
60956
60954
60960
60959
60958
60967
60969
24408
60970
60973
60980
60985
60992
60995
60997
53168
61004
60955
60957
60961
61001
61009
60131
48710
61015
61017
61018
61027
61032
52411
14849
61041
61047
61049
61052
61075
8238
61086
61093
49574
61104
61105
61108
61110
61112
61113
61115
53287
36352
54716
61142
61146
664
61161
61165
55939
61168
61174
61179
61187
61193
61204
61207
61209
61214
61215
61216
34354
61219
61202
2385
61224
61227
61229
30567
61231
61232
61243
61247
61250
51406
61257
58785
61262
520
61271
117
61277
61284
33660
61290
48272
54727
61296
53117
61299
61301
59663
61308
61310
61318
61320
1299
61326
61334
61341
61342
61344
61327
8988
53187
61351
61352
35523
61356
60852
61363
61365
4514
61380
55642
55613
58436
60297
35042
61407
61408
61409
61410
61420
61430
56038
61441
51127
61449
42699
61452
61454
61457
61460
56597
61467
54662
61476
48133
61481
61489
61490
61491
61492
61500
61509
61511
61514
61517
29865
61523
61526
61529
61530
61540
61549
61555
61560
61562
61567
30555
37913
44801
48356
61575
61585
61596
61597
61612
15697
61620
61621
61627
61628
61629
61635
61650
61655
8231
61656
61659
61663
61668
61676
46653
61677
61680
61682
61691
39364
61697
31589
5402
45945
52482
61706
55211
61726
61739
61741
59016
61744
61745
61766
61768
61773
61771
61778
61780
61783
61776
61788
61789
61790
61791
61794
61800
61803
61804
61807
61808
61809
61811
61814
61823
61825
61826
61827
61833
34859
61842
61848
61854
61855
45107
812
61861
61866
61877
61880
61881
61891
61900
61892
61901
61904
61908
61907
61909
60681
61916
61917
61928
61931
61938
61942
61950
61952
61954
61957
61958
61964
61966
61971
61976
61982
61994
61992
62004
61999
62010
61956
62019
62009
20
62018
14816
36766
62056
62059
62064
62081
62086
62090
62093
62095
62100
62131
36762
62141
62143
62144
62148
62156
62161
62160
62164
62167
62168
62173
56224
62179
62183
62182
62185
62193
62196
62202
62204
62216
62213
62218
62225
62228
62238
62245
62246
62233
62257
62258
62272
8290
56431
12009
26398
62271
62285
62286
62293
62297
52626
62317
38173
62332
62335
62336
62341
61507
62350
62356
62347
62360
62382
62389
51911
54618
62393
62394
35436
48295
30111
62398
39361
62416
62417
49168
62432
3661
19448
62441
33811
62442
62447
62449
52584
16790
62456
28935
62459
37951
62463
50014
62464
62425
62465
19237
9182
62467
56763
62472
62475
62480
62253
62485
62490
62510
58147
62517
62521
48398
62541
52419
62544
62548
62551
62552
62557
62570
62580
62582
62584
62589
62590
62592
62595
27912
62602
62607
62609
62613
62614
62618
62588
62631
57142
62638
62646
31707
62657
62658
62659
62663
62667
62404
12416
62673
62674
62680
2874
62704
62712
62719
62735
62749
62754
62756
37997
62753
62759
21059
62766
62764
62768
62772
62775
62785
62790
62796
58296
62799
62424
62813
62829
62828
62834
38206
62844
62846
58053
25740
62859
62870
62923
59533
62941
31809
62954
62955
62975
62986
62998
41142
24828
63006
48492
63014
63021
63030
63049
63051
63053
63064
63062
59179
63071
63073
63078
63086
63087
63100
63099
63105
63120
63116
63128
52809
58662
63158
61506
63157
63077
47747
63183
63186
63180
63188
63197
63210
63217
63215
63218
63223
63240
63248
63246
62231
34888
63258
63260
63271
63295
52016
63320
63323
63324
63333
63336
45003
25577
63372
63375
63381
63376
63384
63387
63396
63399
63400
63403
63405
63410
63409
63417
63430
43275
63432
63438
63439
63446
63059
63456
63467
63458
63483
63488
63494
63496
63517
55444
63527
63546
63549
63553
63556
63558
63559
63567
63568
63598
60743
63604
63607
62751
54837
14178
63619
25012
20636
51280
50992
51087
51284
51094
51281
63486
51283
51067
48557
63630
63634
473810
63635
63641
63653
63659
63655
63660
58438
63682
63688
63692
24354
63711
63715
63720
63722
63726
63730
63735
63736
51554
63745
63737
63753
63754
63755
63756
60686
63759
63764
63768
63772
63770
63776
63669
63777
63788
63792
63793
63794
63795
30480
29017
63804
63805
63806
63810
63813
63741
63820
63825
11218
61743
63847
58415
63890
63891
63893
63892
11810
12656
53129
20688
6397
63903
63909
63939
63933
63946
63949
63951
63957
63958
63959
63963
63964
63968
63972
63977
63974
63978
63979
58301
45714
63982
63983
29533
63985
63986
63994
63996
63999
64005
64007
64010
64017
64000
56608
64032
64034
64036
64044
64054
64065
64066
37624
30172
64121
64131
64128
64137
64142
64148
64163
64166
64158
25748
64185
64188
64198
64203
64204
28924
64192
64235
64237
24765
21650
19921
64241
64253
64263
64271
64275
64274
64279
64291
64290
64295
54659
33431
64307
64308
64312
150265
64316
64321
64327
64331
64326
64338
64339
64342
64340
64346
64347
64362
64369
64379
52801
64227
64395
64402
64405
64408
64409
60338
64410
36117
64414
64423
64432
64433
28339
64442
50838
9646
30267
2219
59336
64454
38392
64457
64464
64467
21408
64470
64477
64475
64478
64365
64492
64497
14925
64498
63275
64503
64501
64509
62717
64510
64530
64535
64547
64546
51433
51432
64548
64558
54035
64571
64578
64582
64587
32699
64603
8514
64608
45054
33718
44154
39390
38067
58637
300
336
12643
64629
41263
64633
53969
64641
64651
62629
64659
64654
62411
64669
39370
62919
56925
64677
64680
64681
64648
64693
64696
64688
64697
64702
64703
64705
33076
64713
28367
64731
64730
64741
64740
44631
64744
14681
53513
64753
64749
64524
64759
45808
64764
54575
56301
3049
64763
64771
64773
12994
64801
64804
64824
42063
16709
34773
23224
44946
64835
25576
34411
64853
37078
2882
64513
64877
64878
64726
64880
64883
64735
64886
64892
61729
64911
64916
64921
64930
444
64932
64938
64943
64950
64956
64958
58888
49721
47701
8178
64968
64972
37735
64980
24953
64983
64984
23627
64987
63345
64995
65011
65016
65019
65015
65024
65020
64601
63846
65031
65037
65041
60237
65043
52816
65045
65048
65051
43317
65067
65069
3068
57632
65073
34951
65075
65055
61013
65021
65056
19825
65094
65101
65115
13157
65122
65129
21152
65137
65136
10080
9091
40233
65154
64287
64791
65147
65165
62981
65168
65172
65178
65183
61533
3941
65209
65212
56034
65215
65027
65219
65223
33759
65226
23674
65040
51992
51513
25591
65235
65025
65241
38175
64541
3067
65245
65246
65248
23074
63626
894
63638
63699
63698
63712
65252
16319
65257
65260
65261
14506
65263
65265
65266
65267
65268
65269
65270
65271
27985
40511
1609
65279
65281
65283
65286
65289
64920
65290
65292
65296
15111
29590
51944
18220
65322
52171
65324
65326
22901
65330
65331
65332
65333
65335
2070
65342
65345
65348
65353
65354
65355
65365
42479
65366
65372
1957
65194
65383
63243
65387
38088
65388
63615
64020
65394
65395
32760
58186
65401
65408
65409
65412
65417
65420
65422
65424
65426
65428
65432
60269
65436
65438
65434
65440
65441
65444
15161
65423
10413
65447
2461
65457
65456
55776
65453
59762
65464
65467
40038
31517
65481
65482
65489
65488
65492
65504
65507
32524
65508
18143
65514
65516
65522
65455
59191
65524
65529
56488
40230
26084
7410
65544
54416
65499
14800
7433
65557
65561
65560
65562
65563
65572
65574
65569
62130
65580
65575
65583
63947
59820
22560
65614
32792
65619
65622
27297
65628
42274
24134
65631
46979
65634
49556
65635
65636
62274
65642
65645
65641
30722
63095
58235
65665
64522
65667
65632
65677
65679
65680
65682
65681
63782
65683
65684
65111
65686
65687
48818
55300
65691
9046
43177
65704
65706
18772
65709
21341
65718
65719
65724
65728
65730
65600
65733
65735
65739
61060
65731
64186
54072
2614
51427
65752
65758
65757
65759
65761
65767
65768
65770
65771
65773
65775
8032
29311
65777
35300
16524
65788
22507
65796
58885
49356
20880
6961
65798
39619
64114
65802
65803
59595
16060
46212
65809
15056
65820
35555
8141
65823
41165
3687
65828
50758
25086
65831
65832
33192
50537
1173
4089
65840
64615
65848
27905
53540
65855
65854
65856
65864
65867
65862
2233
62497
65878
65842
65883
64967
65892
65897
65900
65858
56921
26655
65907
65912
59402
4087
9914
65916
48702
65919
7576
54363
65923
17037
17873
65924
65929
26964
57157
65940
65941
65942
65944
65955
65967
65979
45150
42602
21568
56237
65992
66000
65615
66013
66023
12203
66030
115299
66038
66041
66049
4141
66050
66052
66054
66056
36166
54671
42138
42600
66076
66077
66079
12
66008
66082
39928
57169
37716
49288
57193
66099
63899
66101
66103
66112
66114
53708
66120
66122
15243
65917
24367
57273
66130
31246
57409
66152
66158
66155
66167
4636
66185
66186
66194
66193
66199
66201
66214
66216
54094
66224
65328
66231
66230
66218
66202
61496
66238
66236
66234
66242
66244
6805
29399
66255
60308
66260
66257
40075
24877
16989
30483
20923
45197
31103
66281
23090
66285
61727
50427
64441
378
53020
49578
66311
66312
66310
54688
66313
64919
66322
16584
43769
23774
16556
66337
22953
18706
63522
66341
62111
66357
62622
66370
58912
38133
60046
66420
66424
66425
66431
59670
66435
66437
66440
66446
66456
61943
66463
66466
66469
66475
66476
66479
45707
33714
12962
65633
66472
66490
20324
31427
16020
26052
66495
66504
53532
66527
63491
66533
64812
66057
66536
21315
16418
66538
66343
26630
15981
41162
14972
66570
30265
66580
66581
66582
10137
65662
29712
22931
66595
61127
66604
66603
66605
66600
66608
36162
38271
37500
66544
66621
56528
19032
22262
41723
66630
14892
8389
66646
65207
26323
19285
52527
66649
65909
11919
38071
2261
66661
66660
66663
3978
66666
66669
66670
40237
66163
57501
37310
51190
66704
66707
38689
66720
66721
17263
4885
66722
66724
66728
55960
66741
65429
62175
66776
66787
62776
66773
66799
31973
66801
1734
66811
66813
66819
66832
66838
66840
66817
66845
66857
19244
66877
17321
66885
37302
66890
66899
49971
64832
39107
66919
12132
66922
54051
66947
66951
66960
61044
66991
60810
66998
67001
2146
46478
67010
67011
67009
67014
67031
67045
67062
67070
35974
41184
67101
67039
67105
67111
67112
11128
67120
67125
67126
67106
67127
28283
67131
67135
67140
67024
67149
33871
67160
10047
67171
29769
67187
67190
67151
59524
67196
34349
47553
67199
67203
1942
67169
67210
29990
67211
63731
67224
67230
9627
67241
67244
50750
8581
67248
66058
67254
67257
67258
67260
67264
67265
67275
67278
67285
67280
67296
67302
67300
66930
67367
67370
67382
67380
67400
67406
67074
19322
59306
67425
31505
67443
67454
51562
67075
67477
67483
67487
67495
67496
67505
64922
14718
17384
65769
67525
67535
5014
67541
9019
67552
67549
67551
48034
27569
67569
67566
62052
40973
67574
67579
33844
66954
67589
67595
29313
60435
1123
67426
66513
9553
67632
23751
67414
67638
37030
44026
54233
59344
67651
67654
67659
8589
48025
67655
67662
11955
67649
67673
67682
34878
62244
439
6681
12086
36266
34107
67709
67723
67725
67727
15833
29456
1908
67167
35669
67699
19709
67736
67737
63956
67741
67742
49881
58268
67750
44407
55544
43360
67710
67759
38814
48641
8315
67768
67776
60965
67789
67628
67791
67792
32139
67797
67801
43866
52817
67810
41625
67816
48636
55608
67832
67842
3
67851
67852
27580
67847
45997
67859
30077
67871
67839
35541
67886
67885
67888
67891
67892
11475
67903
67911
67910
67915
66147
67925
15822
67932
67935
67934
67936
67938
48643
67953
67959
67869
67870
67972
67977
67983
67981
67985
67986
7507
67989
67996
33944
52442
68002
11786
44765
67521
14561
68022
68026
68030
68053
68054
15982
68055
68056
68062
68028
35671
68073
66156
68080
68086
68088
9394
39704
68106
68110
68113
68117
68118
68124
68126
68131
33105
2099
68136
68139
68141
68142
68146
68151
68149
12023
68159
67949
68163
36116
65221
34150
23454
5796
33359
19638
68176
56350
42464
47046
68189
21319
68200
21316
46778
21321
67288
23131
16459
68219
68228
60505
26944
68235
68242
58933
24635
68263
68270
68284
68288
68290
50619
68306
68326
68319
57764
68337
18525
13606
68344
68351
46543
68363
41076
68378
27420
66746
17323
12108
68411
68451
68454
68459
68460
68462
68463
19997
68477
68488
68475
68497
68499
68501
42900
68495
36580
68214
68513
68220
51013
48016
68521
68525
37788
68526
68531
68535
68536
50384
68539
68134
62212
68549
68546
68553
68566
68567
64292
19617
933
65576
58050
13121
68361
40363
68577
47271
68579
68581
68585
2806
68586
68587
34149
67492
68595
26293
60260
55350
33245
68604
16120
40391
55182
13946
41087
68619
64667
68025
52800
32781
68624
68625
68630
25448
51860
67661
21113
68564
68648
68651
37850
68652
18584
68666
68671
68678
23019
68680
68681
56119
68685
68689
68676
54005
68700
19687
68706
68125
68037
67613
68717
19189
38381
67739
68725
68739
65947
68751
68750
42771
25067
36904
68760
68763
27764
60982
41373
68795
59311
68810
68826
3751
68844
68850
43876
7909
68858
56774
68821
68865
7515
174
52548
68881
68887
64171
68927
60469
68947
38553
40235
68956
39395
68955
14092
68968
68981
30147
68987
9416
36388
68986
33774
25451
68995
68961
68813
68993
69004
69012
68999
69005
69020
69025
69028
68839
69036
69049
69048
69067
69080
69086
69053
68558
64440
69109
69110
69114
69075
69124
69135
69047
69140
69143
69144
69150
69147
69154
69155
69158
69099
36270
66241
68959
53004
38761
69179
69180
69187
69190
69194
69200
27543
8449
69206
69212
69215
69218
69217
42426
9640
69229
69227
69226
69231
69240
69247
69246
69251
2871
12320
69253
69177
69255
54127
69263
69282
69292
69291
8631
8997
69300
69310
69311
69329
20567
62662
69305
27739
68390
59371
69351
7771
1675
69372
69383
24780
15739
50897
68879
69396
62921
69395
69397
69400
69406
67669
24524
69409
69415
58619
43027
68939
54572
45422
36676
38531
52405
69424
51684
69439
69450
69456
69467
69470
69476
68635
69484
11287
69498
69500
69502
69504
69511
69434
69515
69528
69518
69538
69531
37342
28042
33397
26271
69423
69571
69575
69576
68782
69584
69590
69595
69599
69614
33607
61006
69623
69624
69653
69639
14423
69664
69671
69676
69678
69663
69686
69687
23174
29606
54002
69701
69711
69714
1696
69725
24742
69169
69727
69011
69729
69751
30319
69754
69755
55902
22410
69757
34447
69312
28471
69776
23773
67674
31087
26050
69784
69762
69786
69789
69799
69797
69741
69801
69806
69816
69821
35762
69839
69842
69843
69846
69845
69792
69860
69768
28097
37597
42566
64955
69499
53395
67622
16370
36099
36565
69890
69895
69891
69898
64127
69912
69914
69915
24061
69920
69766
69909
69918
69936
69946
66418
25659
69963
69962
69965
69856
69968
69969
69967
68976
69971
34782
69985
69629
69987
9245
69990
69991
63205
51785
33225
38383
55700
70016
40341
70026
67893
70036
70029
4084
15481
18681
17593
66668
24537
1897
59609
70064
10371
59612
66839
70096
61375
63291
67969
69870
70116
70118
60117
52802
70131
70141
64612
70152
70147
33546
70156
70162
70163
70164
39385
18493
19708
19135
70166
70172
70173
70177
70179
40032
7523
70186
69921
27515
35224
70208
70211
70212
70213
70238
70239
70240
70244
70245
70135
70253
70258
70276
20090
60987
16440
41325
70283
70292
70295
43136
70299
16462
70291
70307
70310
19781
34346
70306
70317
70329
70319
70315
70339
19859
68066
69836
70347
70350
47990
70351
70353
70354
21709
70360
70356
21218
69825
70375
69897
70384
46587
65304
23531
70399
8148
70401
16526
66019
58182
9724
70411
70413
18606
70420
17714
70425
70418
4300
70455
70435
70459
69182
70461
843
70468
70472
70477
70479
70483
18735
18825
4266
70490
33965
58348
66326
25515
70497
70498
51411
69384
70501
70506
58335
67808
25698
69666
70524
70535
70543
70545
70547
70549
70559
70512
31011
31006
55618
70572
70578
69931
35067
70588
70591
70593
16042
70599
36406
67091
70623
5817
70643
69828
20169
70650
70651
70484
70660
70672
70675
70678
70680
15658
45187
21735
70698
16511
70703
20212
70717
70697
70726
70264
70733
70736
70732
55030
70747
69431
70749
46996
46862
70764
70773
70770
70786
66338
70799
70800
48982
70810
70813
61233
51894
70826
55936
70829
70832
70839
70843
62960
70846
22386
70860
70844
70859
70863
4029
70867
70878
70817
70869
70880
70881
69355
70866
34103
68703
70890
70894
70902
70905
70906
70909
70912
70070
70920
70926
70935
70951
70955
70956
69615
70953
70896
70971
69820
70980
70289
70985
70986
70990
38741
65948
20216
71005
71000
70958
71001
71007
70999
66447
31869
42187
27431
71022
70707
71028
71035
71031
71045
71061
71055
71062
71071
71038
71054
71105
68789
7075
71128
71134
71155
70635
55910
70759
35504
23775
71187
71191
71194
55463
68899
71204
45316
71198
71109
71212
71088
71214
71225
70114
71243
71003
71246
71253
71136
71279
18126
8369
71294
48745
71296
50330
71299
71307
70142
71317
71329
71349
71352
71360
71361
71371
64577
71372
71380
35148
71423
71433
62964
9593
71461
71483
71486
71500
68722
71505
71509
10445
71525
71520
31883
71508
71540
71501
71230
71271
22601
20904
71573
71579
50337
71566
71580
71596
71597
71589
71588
70001
71598
70631
37516
71620
71618
71627
71632
71637
71619
50547
71646
64594
71517
2429
71670
71675
71658
71467
43255
71687
71695
71707
71717
68735
71723
71113
71727
71719
71728
22403
71741
71737
71300
71756
71747
71770
71771
71784
71783
71789
12587
22358
71811
71815
50879
71800
15580
71851
54946
51426
71866
71872
35465
71878
64551
71887
71888
71896
71897
71904
71906
71920
25128
71926
71933
71163
71958
71959
71944
71957
44343
70812
33262
20625
72000
71605
72034
68690
72038
72039
72040
57844
4090
8104
72047
68370
24165
72071
37628
72073
72076
71435
67081
71211
44623
48797
68675
26281
72094
72080
72108
67321
72097
72112
72113
30622
345
50939
71966
56017
51450
72124
72125
72128
72131
2826
63098
3630
72146
72165
72158
35787
61757
72191
72193
71473
16519
72227
72232
66848
72234
72246
42522
23007
72258
44626
72267
72271
72273
72277
72279
72283
72285
72284
72296
72298
72216
57479
68588
69761
72308
32270
53870
72354
57630
72356
72366
65150
72384
72391
71894
17888
71281
72403
72406
67887
72415
72183
55472
72386
72428
72432
65934
72437
57889
58249
72443
62325
72444
46130
72455
72457
72445
39749
72472
22869
72164
72487
72502
72508
72514
72512
72497
20909
72533
72538
72504
72543
67392
72540
71376
72574
72582
72588
72594
72009
72527
60571
72585
71682
68785
46845
72638
72649
72458
2846
72662
41294
72665
72674
63545
72689
72706
72707
67410
21045
72741
72747
72737
72758
59767
72768
72764
72343
72786
72294
72802
28031
72817
72829
72826
72831
72837
72654
72855
72856
72861
72875
72873
70063
72887
35804
8751
36978
72906
72909
72913
72916
60411
71452
49088
72943
72944
17824
72893
72735
21056
68773
72985
72993
72996
73011
73025
31321
73018
73038
73078
73070
72927
73090
73107
27994
16626
70834
73034
73125
73128
50787
72992
73169
73173
73180
73198
57494
73186
72206
73222
73226
68650
65306
73240
59730
72816
71019
23819
73287
73304
73308
69879
73326
73339
863
67752
1449
63080
73362
45306
73371
73372
69101
31996
73384
1932
68702
55757
73161
73229
73393
71465
62707
45987
69977
73404
19101
71006
72899
73277
73412
73415
69303
73429
73436
73448
73457
73469
73487
73493
73491
73501
68196
73528
14143
73515
73543
73538
73555
73567
73048
71607
73591
73596
50318
73431
73610
73572
46299
34295
73625
62165
66171
73360
73356
73653
73664
73665
73683
73691
73708
73713
73716
73714
73751
73752
73748
73739
72051
73769
59340
73787
71925
63464
73810
36779
64960
73800
73843
35134
73845
73848
37298
73826
73844
73870
72905
73861
73889
73918
73495
73927
73907
73614
73932
33371
73935
9860
73944
73981
73999
42209
74006
74000
54883
70557
74031
74062
74065
74070
74075
74071
74092
74086
74113
40864
74045
51497
74146
46850
74157
73922
52106
18570
74180
74183
74188
74199
74205
23463
74206
74198
74196
15479
74218
74228
73264
74248
43980
74184
74274
74273
74280
74284
74074
74291
72537
54961
72421
74312
74313
47802
74318
50699
12746
1587
61559
74326
74330
74335
74338
74339
56524
30533
74340
63478
74346
29213
74351
74337
74354
29833
74359
2199
74363
74366
52161
74369
51667
73758
63371
74364
71141
74376
60493
63290
2494
48389
59854
61241
28538
65231
39038
74372
74391
34917
68895
74392
51464
74397
64656
74398
69516
74399
70806
43287
74334
1010
32451
69709
67827
62208
74439
74443
74440
74451
49052
74454
73010
74485
74481
74495
74501
66553
74499
74506
74511
74517
74529
74530
28548
74538
74544
74464
49549
74557
74559
74565
74568
74573
54110
74579
74587
73352
61330
72559
74600
74599
74612
74625
36451
74643
10789
71814
69561
74649
74652
74660
74665
74667
74658
74670
74261
74677
74680
74681
74676
74686
74688
50276
74694
74701
74433
74707
51567
74700
74737
74738
74742
74744
74743
74748
74750
74751
71666
74679
68575
74755
74673
74760
74761
63562
12460
74775
74773
74780
74782
74786
33340
66602
74788
74792
74794
74802
74798
73245
74819
74814
74826
74833
74806
73234
74832
67718
74836
74834
74863
74864
74871
72832
70820
74882
42095
74896
52859
74911
2553
74913
74914
74220
74919
74924
43680
68737
74943
368
74947
3306
42291
27601
74961
74971
73867
74973
4007
74980
74992
74995
18244
74850
27396
75013
11814
75016
75025
64910
65083
75038
54093
75027
75053
54551
75065
75011
75079
75082
75100
75101
69900
45443
75118
5206
75123
75133
75137
60998
30590
74668
75153
75131
63577
19373
75159
75160
28919
74890
55255
74578
74610
74621
74647
75183
75154
75172
75224
36264
75220
75219
24124
14393
75245
73310
74897
75259
75264
75286
75284
75239
69650
75291
75281
75302
69242
75323
75326
75329
75299
75337
75195
75349
75365
75303
75362
75371
54004
75279
38533
75394
27782
75280
10349
56292
45935
75412
75413
75423
75418
4277
75429
75438
69368
75447
75445
75455
75453
75157
75473
75482
47645
75480
75416
75499
42795
75519
75514
75520
75536
73053
75537
75560
75568
75555
6856
47045
75585
75591
75592
75579
75573
73802
34764
10153
75612
74526
892
74197
74859
75615
15543
75617
73344
75621
64062
75628
75641
70046
75660
75672
75670
75676
75684
75687
75679
75693
75703
75711
75721
75720
61634
72616
75731
75685
75695
75743
28142
75748
75752
75755
33219
75759
75761
75767
75776
11138
75787
75791
75812
34112
75820
75823
75850
68713
71602
75862
70321
75216
2330
75818
75882
75886
75900
75901
75906
71913
75911
75925
75936
75945
70246
75953
75943
16581
75970
29281
10727
75988
75972
75980
75940
39609
76003
60708
76006
76009
76012
76016
71577
76010
30820
33807
76029
76038
71582
76044
76047
76043
38678
76058
74290
57867
76071
76076
2736
54128
52154
56876
76031
2442
76085
494
76090
40155
76099
76103
76113
4449
76115
76117
1685
76121
9948
37894
43155
76128
34311
76133
76134
53584
71273
76150
13508
59718
20744
34757
75697
75951
76191
38524
76198
76185
72064
71967
14856
75231
59131
1233
66005
69661
76258
76247
75431
76269
76297
71805
57288
31750
76307
58994
76319
76229
76320
76323
71790
76312
76360
76362
76363
2730
48153
76376
53239
53777
20894
14843
76387
12314
76390
20824
21350
20993
76328
45454
34155
76398
24068
43810
6866
20390
44644
31127
59610
35445
38200
7722
32063
76409
38822
63819
15455
44989
3436
76414
11388
22604
27918
9302
8030
76421
13933
76427
19620
76433
2585
24820
76454
4611
54313
44156
76451
76461
71408
58046
34049
62628
3626
76466
6835
10451
76467
9309
73883
52591
32473
76472
76490
55316
46525
76492
37792
76496
42692
2974
53222
76501
72565
74979
52589
76487
16765
46611
76509
76510
36058
45892
37690
71478
76525
64157
56299
14288
75903
41753
43807
76516
51421
14279
76531
76534
23268
17617
37326
30643
49706
76538
16000
8880
21563
4674
76545
76542
76547
3711
34905
74873
10096
28835
76557
8561
63065
35673
76570
75923
46450
72970
76578
76576
76574
76569
76582
18237
48124
76589
42887
76590
7884
4792
46682
15668
60281
76611
60760
36520
76572
76612
19762
76614
86
70615
53600
35103
42268
76632
59986
76629
4147
49880
62894
53636
76647
29243
54550
54996
16203
76654
76656
31867
76660
76664
76667
34160
12699
76924
43920
76927
14332
76930
1433
76934
76931
4282
4284
4291
4296
4299
4301
4302
4303
4304
4306
4310
4314
4316
4335
4338
4339
4343
4346
4354
4391
4187
4399
4402
4423
4424
4425
4426
4435
4437
4442
4443
4445
4450
4459
4473
4477
4478
4479
4487
4492
4491
4498
4499
4502
4505
4507
4512
4517
4529
4537
4538
4543
4545
4540
4552
4561
4574
4577
4579
4590
4592
4595
4601
4616
4620
4624
4626
4629
4637
4643
4685
4693
4701
4717
4720
4729
4735
4744
4748
4753
4756
4762
4763
4767
4776
4784
4793
4800
4809
4810
3821
4814
4813
4822
4673
4824
4830
4832
4834
4850
4853
4877
4887
4889
4896
4919
4922
4926
4941
4988
4989
5002
5007
5009
4991
5022
5023
5027
5028
5034
5059
5063
5071
5077
5097
5105
5109
5114
5117
5125
5186
5202
5212
5218
5241
5247
5255
5265
5289
5291
5295
5298
5305
5308
5311
5345
5351
5352
5353
5364
5367
5395
5401
5404
5406
5420
5430
5449
5468
5476
5483
5486
5492
5493
5502
5504
5505
5506
5507
5510
5511
5524
5554
5562
5571
5574
5587
5591
5593
5597
5598
5612
5615
5628
5629
5634
5638
5640
5650
5652
5654
5653
5651
5674
5688
5691
5697
5747
5751
5762
5770
5779
5835
5840
5849
5848
5881
5889
5919
5923
5968
5975
5984
5986
5996
6006
6018
6023
6054
6032
6081
6083
6107
6127
6140
6146
6165
6172
6178
6198
6203
6208
6214
6242
6245
6247
6251
6266
6278
6285
6310
6311
6321
6322
6328
6329
6331
6333
6358
6392
6400
6402
6405
6407
6417
6426
6428
6434
6435
6455
6462
6519
6533
6534
6537
6538
6540
6543
6597
6624
6627
6635
6641
6663
6687
6690
6698
6696
6701
6702
6751
6754
6766
6773
6777
6779
6792
6795
6803
6804
6806
6809
6824
6828
6833
6836
6834
6838
6847
6850
6860
6867
6873
6875
6882
6881
6889
6891
6892
6894
6897
6898
6903
6905
6821
6910
6917
6927
6929
6933
6935
6942
6947
6951
6954
6956
6963
6970
6973
6979
6984
6993
6997
7006
7016
7018
7033
7034
4040
7044
7059
7069
7076
7080
7084
7087
7089
7092
7093
7108
7114
7116
7120
7126
7113
7133
7141
7157
7159
7166
7172
7182
7183
7184
7187
7186
7190
7212
7230
7232
7251
7261
7264
7267
7268
7269
7273
7277
7296
7297
7304
7313
7260
7326
7333
7338
7259
7344
7352
7248
7375
7379
7382
7392
7398
7405
6883
7412
7415
7417
7421
7424
7425
7426
7436
7448
7457
7467
7473
7475
7478
7255
7506
7541
7545
7489
7551
7452
7558
7559
6900
7593
7595
7606
7609
7614
7631
7638
7083
7657
7659
7675
7687
7671
7179
7732
7725
7737
7738
7744
7746
7790
7784
7810
7819
7828
7832
7835
7838
7842
7831
7848
7850
7807
7875
7883
7913
7916
7917
7923
7934
7766
7972
7973
7817
7991
8007
7656
8028
8046
8048
8051
8052
8054
8062
8077
8095
8106
8125
8129
8128
8170
8182
8196
8214
8215
8220
8221
8223
5893
8256
8265
8270
8277
8274
8281
8286
8291
8300
8343
8181
8377
8376
8394
8409
8419
8427
8420
8430
8431
8441
8450
8466
8468
8477
8480
8344
8513
8447
8525
8562
8567
8571
7954
8580
8492
8592
7445
8597
8610
8617
8639
8640
8647
8672
8676
8681
8693
8700
8729
8735
8738
8739
8743
8745
8750
8759
8760
8831
8832
8834
8835
8845
8854
8860
8863
8865
8070
8868
8869
8872
8875
8876
8884
8894
8839
8903
8905
8921
8922
8923
8928
8932
8646
8938
8943
8940
7823
8964
8689
8956
8985
9004
9006
9011
9012
9005
9026
9033
9039
9040
9058
9055
9070
9073
9085
8228
9093
8288
9104
9105
9112
9114
9113
9123
9124
9126
9130
9139
9146
9083
8775
7927
9161
9169
8355
9191
9194
9203
9211
9212
9226
9230
9234
9263
9270
9189
9281
9292
9294
7423
9299
9312
9313
9314
9317
9318
9319
9325
9330
9338
6955
9360
9373
7834
9382
9383
9414
9417
9429
9442
9445
9460
9463
8656
9466
9477
9103
9493
9500
9506
9512
9527
9550
8732
9579
9053
9585
9618
9630
9629
9632
9650
8718
9654
9655
9660
8056
9665
9699
9702
9704
9719
9711
9744
9752
9755
9762
9743
9775
9776
9778
9779
9797
9799
9800
9806
9846
9851
9156
9870
9872
9875
9877
9879
9881
9891
9894
9898
9901
9930
9937
9946
9951
9969
9970
9980
9981
9427
9992
10004
10005
10025
10028
10029
10035
8911
10050
9142
10056
10064
10061
10081
10085
10093
10094
10100
10107
10105
10065
10119
10122
10123
10132
10141
10147
10151
10152
9869
10163
7491
10173
10174
10172
10175
10176
9883
7283
10191
10196
10200
10202
10215
10110
10218
10235
10239
10240
10242
10246
10259
10261
10267
10270
10271
10273
10278
10279
10280
10292
10298
10300
10304
10306
10308
10309
10312
10313
10324
10334
10338
10351
10336
10365
10373
10375
10379
10381
10384
10385
10387
10376
10391
10400
10404
8917
10410
10195
10427
10433
10429
10443
10447
10450
10456
10458
10462
10465
10469
10472
10479
10483
10482
10488
10493
10495
10481
10501
10499
10516
10531
10533
10534
10538
10542
10543
10544
10549
10551
10556
10557
10560
10563
10564
10567
10569
10571
10574
10580
10583
10588
10591
10597
10599
10605
10606
10303
10634
10636
10639
10642
10647
10383
9607
10654
10655
10664
10668
10669
10673
10678
10676
9185
10705
10712
10207
10714
10715
10729
10732
10736
10745
10758
10767
10768
10770
10771
10775
10752
10781
10784
10782
10790
10795
10799
10803
10801
10800
10809
10810
10813
10832
10825
10836
10837
10862
10866
10868
10874
10881
10882
10888
10889
10890
10891
10895
10897
10899
10903
10906
10908
10913
10916
10918
10921
10922
10923
10924
10926
10929
10936
10937
10939
10940
10941
10942
10944
10950
10949
10956
10958
10962
10965
10964
10968
10969
7594
10973
10976
10982
10987
10986
10993
10994
10995
11002
11006
11008
11009
11004
11010
11013
11015
11018
11019
11029
8669
11049
11052
9454
11056
11060
11064
11065
11067
11068
11077
11080
10953
11083
11089
11091
11092
11030
11071
11108
11130
11131
11142
11152
11150
11157
11165
11201
11208
11212
11214
11215
11216
11219
11225
11230
11232
11233
11235
11237
11239
11244
11246
11248
11249
11257
11258
11269
11272
9560
11285
11291
11292
11302
11309
7904
11318
11327
11328
10223
11348
11349
11359
9932
11362
10160
9479
11408
10529
8714
11310
11440
11445
11453
11456
11462
11466
11469
11473
11476
11480
11491
7497
11493
11501
11504
11508
11510
11511
11512
11514
11515
11532
11534
11550
11355
11579
11588
11589
11602
11607
11608
11611
11614
11618
11627
11628
11642
11650
11652
11649
11657
11597
11373
11660
11668
11670
11677
11679
11685
11687
11692
11697
11698
11702
11706
11713
11719
11724
11726
11728
11732
11736
11699
11740
11730
11743
11749
11754
11760
11762
11765
11770
11774
11787
11622
11790
11794
10205
11738
11807
11812
11816
11824
8769
11783
11791
11831
11850
11856
11859
11298
11860
11861
11864
9044
11869
11872
11875
11877
9906
11896
11903
11906
11908
11817
11917
11914
11921
11922
8226
11900
11935
11936
11940
11941
11943
8268
8460
11971
11979
11983
11992
11998
12006
11951
8772
12011
11746
12024
12029
12037
12038
12044
12030
11632
12062
12064
12070
12078
12081
12094
12106
12109
12053
12112
11072
12118
12126
12128
12133
12135
12139
12140
12143
12149
12153
12160
12161
9175
12162
12166
12168
12171
12173
12172
12177
12180
12182
10378
12187
12189
12191
12194
8987
12196
8088
12185
12214
12221
12216
12228
12229
9221
12251
12252
12256
12264
12270
12269
12279
10067
11133
12283
12291
11181
12302
12305
12306
12307
12308
7840
12317
12318
10133
12328
12330
9354
12342
12358
12361
12363
12364
12368
12373
12378
12379
12147
12383
12384
12385
12240
12395
12397
12398
12403
12422
12429
12434
12437
12439
12443
12440
12449
12448
12447
12456
12461
12462
12473
12471
12477
12484
12488
12494
12493
12510
12512
12506
12523
12524
12528
12533
12536
12539
12546
12562
12563
12565
12567
12570
12571
12573
12574
12576
12579
12592
12600
12606
12617
12612
12613
12625
12619
12610
12615
12621
12626
12629
12634
12636
12660
12666
12668
12672
12676
12695
10356
12697
12722
12728
12729
12730
12733
12375
12765
12767
12768
11117
11704
12801
12803
12809
12819
12822
12832
12834
12675
12838
12866
12874
12880
12850
12882
12883
12886
12887
12888
12889
12891
12894
12893
12898
12903
12904
12905
12901
12909
12914
12921
12922
12926
12917
12918
12932
12946
12947
12950
12949
12955
12961
12958
12959
8096
12995
12972
12999
13001
13007
13014
13015
12814
12816
13018
11118
6610
13029
13028
13030
13037
13039
13045
13042
13060
13057
13052
13063
13068
13051
13074
13076
13078
13087
13094
13100
13110
13115
12661
13116
12548
12586
13119
12599
12609
13123
13136
13143
13146
12805
13158
13159
13163
13165
13169
13171
12295
13194
11308
13196
13198
13203
12549
13222
10853
13231
13234
13235
13241
13248
13256
13259
13278
13281
13283
13285
13286
13291
13294
13295
13296
13297
13299
13300
13302
13303
13304
13308
13314
13316
13322
13336
13347
13361
13362
13371
13374
13378
13382
13388
13391
13399
13393
13406
13411
9237
13417
13421
13426
13439
13444
13446
13459
10511
13008
13499
13510
13522
13538
13539
13533
13540
13556
13557
13561
13545
13566
13572
13581
13588
13589
13592
13596
13603
13602
13609
11107
8319
13623
11500
13484
13624
13626
13628
13632
13631
13639
13450
7589
13651
13656
13658
13660
13618
13662
13460
13678
13674
13688
13690
13695
13697
13701
13722
13726
13729
13329
13731
13736
13739
13745
13747
13761
13756
13762
13752
9916
13768
13771
13772
13777
13781
13787
13792
13793
13800
12595
12604
13811
13815
11273
13816
13817
13824
13825
13829
13836
13839
13841
13849
13591
13856
13858
13859
13862
13861
13871
13873
13875
13878
13892
13893
13897
13901
13908
13916
13917
13918
13919
13923
13928
13932
13939
13945
13961
13966
13968
13976
13984
13988
13983
7499
14007
14014
14018
14019
14021
13728
14042
14064
8446
14040
14069
13636
14083
13914
14110
14111
14117
14123
14125
14128
14130
14131
14137
14139
14142
14146
14158
14168
14173
13327
14177
14180
13913
14184
14187
14189
14200
14206
14210
14217
14220
14218
14223
14221
8297
14232
14241
12674
14248
11888
14245
14255
14256
14257
14236
14263
12627
14264
14283
14284
14285
14286
14290
14294
13691
14307
14312
13704
14314
13915
14325
14329
14327
14344
14345
8806
14353
14363
14297
14370
14372
14377
14384
14378
14386
14387
14392
14400
14399
14418
14419
14421
14281
14424
14430
14416
14439
14447
14440
14444
14456
14458
14461
14467
14483
14486
14490
14445
14498
14493
14500
14509
14259
14527
14542
14543
14547
14550
14559
14560
14563
14567
14570
14571
14572
13335
13189
14586
14573
12327
14598
14594
14604
14612
14617
14620
7858
10394
14628
14641
14646
14651
14659
14639
14669
14672
14689
14697
14702
14704
14705
14661
14717
14719
14720
14724
14726
14741
14743
14744
14747
14750
14746
14770
14785
14786
14799
14802
14806
11819
14808
14810
12737
14190
14823
14828
14830
14832
12773
14842
9556
14846
14847
10422
14854
14857
14858
14860
14873
13831
14879
14880
14693
13490
14764
14888
14895
14906
8802
14535
14953
14956
12982
14545
14974
14975
14977
14981
14983
14996
14973
11341
15008
15016
12028
14381
15043
15045
15051
15053
15048
15058
15077
15075
14809
15085
15083
15087
15082
12853
15104
15105
15118
15121
15124
15127
15108
15106
15122
15126
15117
15115
15149
15153
15154
15158
15165
15175
15044
15155
15198
15204
15206
14739
15216
15218
15223
15225
15229
15231
15232
15234
15236
15235
15239
15241
15244
9913
15247
15249
15250
11723
15260
15264
10657
15272
15276
15278
15280
15282
15285
15287
15288
15297
15300
14465
15310
15311
15312
15320
15321
15322
15324
15325
15326
15327
15328
15330
15331
15273
15338
13967
10614
11626
15357
11319
15362
15367
15363
15369
13732
15381
15378
15376
15384
15388
15396
15405
15406
15404
15407
15410
15411
9605
15422
15435
15436
15442
15443
15447
15452
15456
15457
15472
15474
15483
15496
15499
15510
15512
11892
9545
15527
15535
15537
10165
9928
15546
15557
14619
9923
15564
15567
15382
15361
15574
9929
15588
15594
15593
15598
15601
12703
9260
13936
15623
15625
15632
15636
15638
14674
15640
15637
15643
15641
15652
15653
15663
15664
15667
15666
15673
15677
15678
15682
15691
15701
15705
12499
15714
15716
15730
15732
15736
15366
15741
15745
15750
15751
15755
15756
15760
15765
15776
15779
15790
15793
15792
10293
15808
15811
15814
9217
15823
15826
15830
15832
11835
15734
15851
15857
15865
15870
15876
15877
15879
15882
15884
15885
15887
15891
15893
15892
15897
15904
15910
15912
15914
15916
15911
15927
15932
15933
15939
15942
15945
15951
15948
15957
15958
15968
11177
15974
15986
15999
16009
5941
16025
15941
16035
16049
16062
16067
16072
16069
16079
16083
16089
16108
16109
16111
16121
16136
16139
16141
16142
16145
16144
14917
15985
14566
11153
16156
16157
16167
16169
16170
16176
16182
16181
16185
16189
16193
16198
16192
16211
16214
16221
16223
16225
16226
16231
16235
16238
12296
16244
9803
16248
16250
16251
13515
16257
16259
16264
16266
16270
16275
16278
16279
11280
16292
16308
14061
16326
16336
16349
16353
16376
16387
16401
16415
16420
16429
16432
16448
16450
16453
13138
16466
16468
16469
16476
16479
16483
16490
16496
16497
16498
16507
16517
16520
16521
16525
16314
16533
16540
16541
16550
16552
16547
16559
16558
7463
16560
16572
16573
16574
16564
16576
16582
16585
16586
16605
16604
16609
16611
16621
16628
16629
16630
16631
16632
16637
16636
16640
16648
16650
16655
16658
16669
16676
16677
16683
9816
16704
16713
16720
16727
9259
16732
16738
16737
16742
16748
14769
13108
16754
16755
16762
16775
16778
16785
16787
16739
14907
16777
16798
16803
16146
16833
16836
16838
16846
16850
16830
16871
16876
16879
16859
12988
16884
16899
16900
16903
16910
10337
16934
16935
16937
16943
16944
16946
16948
16953
16955
16664
16962
16965
16967
16990
16982
17002
17011
17039
17040
17042
17046
17012
17050
17060
17058
17062
17072
17074
17080
17082
17083
17084
17104
17113
17116
17117
17118
17119
17121
17128
17132
17135
17138
17139
17107
17143
17144
17145
17150
17155
17163
17165
17168
17174
17167
17178
17187
16350
17190
17192
14738
17201
17205
17211
17213
17215
17224
17227
17232
17233
17207
17239
17245
17256
16343
11097
17265
17266
17268
17269
17270
17271
17273
17275
17277
17278
17279
17280
17281
9257
17287
17290
17292
17295
13844
17296
17298
17056
17304
17305
17307
17308
17309
17312
17313
17315
17318
17320
17322
17325
17330
17331
17335
17336
17337
17343
17345
17348
17354
17360
17350
17371
17372
17375
17379
17381
17378
17382
17383
17385
17392
17398
17400
17401
17402
17403
17404
17405
17408
17410
17417
17418
9404
17424
17421
17425
17427
16687
17431
17432
17433
17435
17436
17438
17441
17439
17451
17453
17454
17455
17359
17464
17466
17469
17472
17473
17475
17479
17481
17483
9518
17486
17488
17495
17493
17504
17508
17510
17522
17523
17524
17526
17527
17529
17536
17535
17537
17539
17541
17542
17544
17547
17550
10741
17565
17563
17560
17573
17572
17577
17585
17586
17591
15238
17596
17597
17601
17611
17614
17616
17618
17620
17625
17623
14541
17626
17568
17630
17631
17634
17635
17639
17641
17643
17434
17673
17676
17679
17680
17682
17689
17692
17690
17691
17697
17715
17717
17721
17724
17726
17728
17730
17731
15413
17740
17739
17752
